<?xml version="1.0" standalone="no"?>
<!DOCTYPE svg PUBLIC "-//W3C//DTD SVG 20010904//EN"
 "http://www.w3.org/TR/2001/REC-SVG-20010904/DTD/svg10.dtd">
<svg version="1.0" xmlns="http://www.w3.org/2000/svg"
 width="1920.000000pt" height="1920.000000pt" viewBox="0 0 1920.000000 1920.000000"
 preserveAspectRatio="xMidYMid meet">

<g transform="translate(0.000000,1920.000000) scale(0.100000,-0.100000)"
fill="#000000" stroke="none">
<path d="M11016 16125 c417 -621 159 -1720 -749 -3203 -211 -344 -194 -322
-249 -322 -54 0 -72 -19 -62 -67 5 -24 2 -30 -24 -39 -40 -15 -104 -144 -101
-202 3 -44 -22 -85 -60 -98 -14 -6 -43 -39 -70 -84 l-47 -75 -41 3 c-36 3 -43
0 -74 -36 -41 -49 -97 -140 -113 -184 -6 -18 -24 -50 -40 -70 -39 -52 -55
-102 -56 -176 l0 -64 -174 -282 c-221 -359 -212 -341 -191 -372 22 -33 66 -32
104 4 16 15 68 90 116 167 137 217 196 308 199 304 2 -2 31 -45 65 -95 134
-201 287 -314 428 -314 l48 0 -34 -22 c-28 -18 -48 -51 -112 -183 -42 -88 -88
-192 -102 -232 -37 -103 -91 -205 -221 -423 -114 -190 -148 -260 -162 -336 -3
-21 -20 -57 -35 -78 -52 -71 -39 -99 69 -147 39 -17 72 -36 72 -41 0 -5 -35
-52 -78 -106 -200 -248 -332 -432 -382 -532 -44 -87 -72 -123 -220 -275 -106
-108 -133 -143 -164 -207 -72 -149 -82 -308 -30 -444 49 -129 44 -159 -46
-259 -30 -33 -51 -67 -55 -89 -10 -49 17 -131 65 -200 l42 -59 -26 -171 c-33
-219 -44 -312 -52 -463 -6 -104 -9 -123 -23 -123 -70 0 -705 -66 -914 -95 -59
-8 -116 -15 -126 -15 -13 0 -30 26 -61 95 -24 52 -44 94 -46 92 -2 -1 6 -36
16 -77 11 -41 20 -85 20 -97 0 -23 -4 -25 -83 -38 l-38 -6 -29 63 c-49 106
-78 232 -116 503 -7 48 -7 49 -15 20 -18 -60 -22 -307 -8 -445 8 -74 14 -142
14 -150 0 -18 -71 -32 -83 -16 -5 6 -32 64 -62 129 -29 64 -55 115 -57 113 -3
-2 3 -28 11 -57 9 -29 14 -55 11 -57 -3 -3 -15 8 -27 24 -13 16 -38 45 -56 64
-30 32 -27 24 33 -100 68 -141 69 -150 13 -150 -78 0 -173 273 -214 615 -6 57
-7 58 -17 30 -17 -51 -13 -445 6 -569 14 -87 14 -111 5 -118 -22 -13 -26 -10
-81 64 -62 84 -205 258 -212 258 -3 0 17 -44 44 -98 62 -125 114 -243 108
-248 -6 -6 -369 -85 -373 -82 -1 2 -23 57 -49 122 -48 126 -136 319 -142 313
-1 -2 8 -53 21 -113 13 -60 27 -135 31 -167 l8 -59 -30 15 c-116 60 -224 318
-254 610 -7 62 -16 116 -20 121 -12 14 -24 -140 -23 -294 2 -157 15 -294 44
-433 10 -49 14 -85 10 -80 -31 35 -126 200 -175 301 -32 67 -60 121 -61 119
-2 -2 3 -25 12 -52 8 -27 13 -53 11 -58 -1 -5 -24 16 -51 47 -27 32 -51 55
-53 52 -3 -3 8 -29 25 -58 40 -70 122 -254 122 -273 0 -14 -3 -14 -28 -1 -73
38 -157 178 -201 336 -25 91 -61 297 -61 350 0 59 -17 56 -23 -3 -16 -141 -18
-245 -7 -377 10 -127 39 -326 56 -385 4 -11 -19 20 -50 69 -76 120 -262 354
-272 343 -2 -2 23 -55 55 -119 70 -139 150 -339 186 -467 14 -51 25 -94 23
-96 -2 -1 -74 -23 -162 -49 -290 -87 -978 -327 -1170 -409 l-49 -21 29 -8 c60
-16 943 -23 3059 -23 2092 0 5592 11 7550 24 l930 6 -60 28 c-150 70 -582 231
-897 332 l-147 48 -22 66 c-31 93 -99 253 -143 336 -20 39 -34 61 -31 51 7
-24 51 -249 58 -299 3 -20 3 -37 0 -37 -16 0 -76 46 -101 78 -87 111 -164 356
-188 601 -6 60 -9 70 -18 55 -19 -32 -14 -489 7 -606 21 -118 21 -118 3 -118
-22 0 -77 85 -141 218 -57 118 -79 150 -55 78 22 -67 7 -69 -44 -6 -27 34 -51
59 -53 56 -3 -3 8 -29 25 -58 43 -76 116 -237 110 -243 -7 -8 -71 16 -92 34
-24 21 -73 119 -102 204 -29 86 -61 241 -78 377 l-12 105 -14 -90 c-12 -86 -9
-413 5 -505 3 -21 -8 -1 -28 50 -42 107 -113 267 -133 300 l-15 25 7 -30 c29
-133 54 -266 54 -293 l0 -34 -29 19 c-49 31 -119 123 -150 197 -51 122 -110
399 -111 517 -1 72 -19 1 -30 -120 -13 -133 -3 -337 26 -496 17 -100 18 -95
-5 -95 -29 0 -81 81 -142 218 -54 124 -72 148 -49 68 7 -24 11 -49 9 -55 -2
-6 -26 16 -53 49 -27 33 -51 58 -53 56 -2 -2 25 -62 60 -132 79 -158 86 -178
60 -171 -10 3 -29 8 -43 11 -16 3 -38 24 -60 58 -70 107 -124 296 -154 538
-13 105 -18 107 -31 10 -10 -75 -5 -360 8 -463 l13 -99 -29 6 c-16 3 -37 6
-46 6 -9 0 -61 54 -115 120 -54 67 -101 119 -103 116 -2 -2 18 -49 46 -104 28
-55 51 -102 51 -104 0 -3 -19 -2 -42 2 -126 24 -716 106 -959 135 l-57 6 -43
107 c-44 111 -128 292 -129 280 0 -3 7 -34 16 -67 19 -78 55 -283 49 -289 -2
-2 -20 5 -39 17 -110 68 -196 277 -238 579 -27 189 -37 176 -45 -53 -6 -158 4
-310 31 -462 11 -67 11 -73 -5 -73 -33 0 -92 98 -180 299 -25 57 -32 49 -15
-17 8 -29 11 -52 8 -52 -17 1 -40 52 -60 132 -27 105 -27 113 -2 68 11 -19 19
-30 19 -25 1 6 -11 30 -25 55 -14 25 -56 138 -94 252 -38 114 -91 254 -119
311 -28 57 -51 114 -51 127 0 32 -33 98 -73 146 -18 21 -47 69 -64 105 -35 76
-90 141 -133 159 -28 12 -29 15 -24 54 3 22 7 51 10 62 7 38 -15 127 -42 167
l-26 39 41 88 c22 47 51 124 64 169 22 77 27 85 78 125 73 58 170 162 198 211
l22 40 80 -4 c113 -5 160 20 258 140 137 167 213 325 228 472 5 51 15 76 58
148 106 172 155 293 156 383 1 29 -5 63 -12 75 -13 21 -12 25 9 39 64 43 160
205 183 308 l12 51 46 -48 c51 -52 73 -59 120 -34 53 27 109 105 192 268 103
204 128 239 194 283 29 20 56 43 59 51 13 34 -45 69 -180 108 -48 14 -89 26
-90 28 -1 1 -6 30 -12 65 -14 82 -50 158 -98 212 -36 40 -38 44 -20 54 124 74
207 154 250 240 43 85 48 203 14 302 -59 169 -184 288 -339 323 -103 24 -237
8 -340 -40 l-47 -21 -153 36 c-85 20 -162 39 -173 42 -16 5 -18 2 -12 -22 11
-50 73 -167 111 -211 l36 -42 -35 -16 c-42 -20 -60 -61 -45 -104 9 -25 6 -35
-15 -68 -14 -21 -28 -53 -32 -70 -3 -18 -15 -40 -25 -49 -11 -10 -19 -30 -19
-50 0 -29 8 -39 55 -74 62 -46 77 -80 50 -110 -16 -17 -32 -20 -122 -20 -108
0 -130 -6 -173 -46 -23 -21 -29 -23 -65 -13 -22 6 -71 14 -110 18 l-70 6 -7
73 c-16 158 -67 314 -125 383 -24 29 -25 32 -14 86 16 81 14 222 -4 274 -9 24
-27 56 -42 71 l-25 26 95 149 c214 337 373 615 535 939 258 515 409 942 483
1359 26 151 37 437 20 556 -34 238 -125 452 -250 589 l-42 45 47 -70z m-1109
-3962 c9 -21 19 -55 23 -76 7 -36 6 -39 -24 -51 -105 -45 -131 -152 -72 -298
25 -62 23 -77 -10 -78 -9 0 -84 209 -84 234 0 5 25 48 56 97 55 87 63 110 50
140 -6 13 26 69 40 69 3 0 12 -17 21 -37z m-352 -4254 c50 -138 95 -254 100
-258 6 -5 42 -21 81 -36 l72 -27 4 -53 c5 -60 33 -105 87 -139 32 -21 38 -32
55 -97 40 -161 124 -355 189 -441 89 -116 80 -123 -88 -70 -100 32 -198 35
-239 9 -69 -45 -68 -139 2 -196 l37 -31 -133 0 -132 0 -44 88 c-49 94 -54 96
-31 12 26 -98 25 -100 -53 -100 l-67 0 -27 73 c-15 39 -34 97 -43 127 -20 74
-55 283 -55 331 0 21 -4 39 -9 39 -16 0 -24 -166 -19 -373 l6 -198 -52 3 c-74
4 -76 17 -42 224 15 92 30 224 33 293 3 75 12 140 20 161 17 40 26 158 27 340
1 114 -1 128 -21 157 l-23 31 28 133 27 132 83 42 c46 24 91 50 100 59 9 9 21
16 27 16 5 0 51 -113 100 -251z m1179 -1341 c13 -32 13 -38 1 -38 -8 0 -17 12
-21 28 -3 15 -8 36 -11 47 -8 31 13 6 31 -37z"/>
<path d="M9440 6862 c13 -23 25 -40 28 -38 5 6 -26 64 -39 72 -7 4 -2 -12 11
-34z"/>
<path d="M11050 7006 c0 -2 11 -24 25 -47 30 -53 33 -44 5 11 -18 35 -30 49
-30 36z"/>
<path d="M5400 6742 c13 -23 25 -40 28 -38 5 6 -26 64 -39 72 -7 4 -2 -12 11
-34z"/>
<path d="M5841 6742 c13 -22 25 -39 27 -37 5 5 -27 63 -39 71 -6 3 0 -12 12
-34z"/>
<path d="M6790 6710 c11 -22 23 -40 25 -40 3 0 -4 18 -15 40 -11 22 -23 40
-25 40 -3 0 4 -18 15 -40z"/>
<path d="M7230 6710 c11 -22 23 -40 25 -40 3 0 -4 18 -15 40 -11 22 -23 40
-25 40 -3 0 4 -18 15 -40z"/>
<path d="M12720 6659 c12 -23 24 -38 27 -35 5 5 -35 76 -43 76 -2 0 5 -18 16
-41z"/>
<path d="M13165 6653 c14 -29 27 -53 30 -53 7 0 -18 54 -38 81 -10 14 -6 1 8
-28z"/>
<path d="M13570 6487 c0 -11 40 -87 45 -87 7 0 -24 73 -36 85 -5 5 -9 6 -9 2z"/>
<path d="M14010 6483 c0 -5 9 -21 20 -38 24 -36 26 -26 5 15 -15 29 -25 38
-25 23z"/>
</g>
</svg>
